
nb_chirurgiens=3;
nb_salles=3; 
nb_operations=10; 
nb_type_operations=3; 
nb_patients=10; 
temps_infection=0; 
temps_latex=0; 
A = [[1, 1, 1], [1, 1, 1], [1, 1, 1], [0, 1, 0], [1, 1, 0], [1, 1, 1], [1, 1, 1], [1, 1, 0], [1, 1, 1], [1, 1, 0]]; 
C = [[1, 0, 0, 1, 0, 0, 1, 0, 0, 1], [0, 1, 0, 0, 1, 0, 0, 1, 0, 0], [0, 0, 1, 0, 0, 1, 0, 0, 1, 0]]; 
horaire_debut = [0, 0, 0]; 
horaire_fin= [10000, 10000, 10000]; 
I = [0, 0, 0, 0, 0, 0, 0, 0, 0, 0]; 
L= [0, 0, 0, 0, 0, 0, 0, 0, 0, 0]; 
T = [[1, 0, 0], [0, 0, 1], [0, 0, 1], [1, 0, 0], [0, 0, 1], [0, 0, 1], [1, 0, 0], [0, 0, 1], [0, 0, 1], [1, 0, 0]]; 
TP = [16, 10, 12, 12, 15, 19, 23, 8, 5, 26]; 
TC = [152, 137, 105, 59, 86, 36, 77, 80, 64, 28]; 
TN = [14, 20, 17, 15, 20, 15, 12, 19, 13, 16]; 
TCSTO = [[0, 25, 13], [13, 0, 13], [24, 25, 0]]; 

