
nb_chirurgiens=5;
nb_salles=6; 
nb_operations=25; 
nb_type_operations=3; 
nb_patients=25; 
temps_infection=0; 
temps_latex=0; 
A = [[1, 1, 1, 1, 1, 1], [1, 0, 1, 1, 1, 1], [1, 1, 0, 1, 1, 1], [1, 1, 0, 1, 1, 1], [1, 1, 0, 1, 1, 1], [1, 1, 1, 1, 1, 1], [1, 1, 1, 1, 1, 1], [1, 1, 1, 1, 1, 1], [1, 1, 1, 1, 1, 0], [1, 1, 1, 1, 1, 1], [1, 1, 1, 1, 1, 0], [1, 0, 1, 1, 1, 1], [1, 0, 1, 1, 1, 1], [1, 1, 1, 1, 1, 0], [1, 0, 1, 0, 1, 1], [1, 1, 1, 1, 0, 1], [0, 1, 1, 1, 1, 1], [0, 1, 1, 1, 1, 1], [0, 1, 1, 1, 1, 1], [1, 1, 0, 1, 0, 1], [0, 1, 1, 1, 1, 1], [1, 1, 1, 1, 1, 1], [1, 1, 1, 1, 1, 1], [1, 1, 1, 1, 1, 0], [1, 1, 1, 1, 1, 0]]; 
C = [[1, 0, 0, 0, 0, 1, 0, 0, 0, 0, 1, 0, 0, 0, 0, 1, 0, 0, 0, 0, 1, 0, 0, 0, 0], [0, 1, 0, 0, 0, 0, 1, 0, 0, 0, 0, 1, 0, 0, 0, 0, 1, 0, 0, 0, 0, 1, 0, 0, 0], [0, 0, 1, 0, 0, 0, 0, 1, 0, 0, 0, 0, 1, 0, 0, 0, 0, 1, 0, 0, 0, 0, 1, 0, 0], [0, 0, 0, 1, 0, 0, 0, 0, 1, 0, 0, 0, 0, 1, 0, 0, 0, 0, 1, 0, 0, 0, 0, 1, 0], [0, 0, 0, 0, 1, 0, 0, 0, 0, 1, 0, 0, 0, 0, 1, 0, 0, 0, 0, 1, 0, 0, 0, 0, 1]]; 
horaire_debut = [0, 0, 0, 0, 0]; 
horaire_fin= [10000, 10000, 10000, 10000, 10000]; 
I = [0, 0, 0, 0, 0, 0, 0, 0, 0, 0, 0, 0, 0, 0, 0, 0, 0, 0, 0, 0, 0, 0, 0, 0, 0]; 
L= [0, 0, 0, 0, 0, 0, 0, 0, 0, 0, 0, 0, 0, 0, 0, 0, 0, 0, 0, 0, 0, 0, 0, 0, 0]; 
T = [[0, 1, 0], [0, 0, 1], [0, 1, 0], [1, 0, 0], [1, 0, 0], [0, 1, 0], [0, 0, 1], [0, 1, 0], [1, 0, 0], [1, 0, 0], [0, 1, 0], [0, 0, 1], [0, 1, 0], [1, 0, 0], [1, 0, 0], [0, 1, 0], [0, 0, 1], [0, 1, 0], [1, 0, 0], [1, 0, 0], [0, 1, 0], [0, 0, 1], [0, 1, 0], [1, 0, 0], [1, 0, 0]]; 
TP = [14, 6, 24, 5, 7, 29, 30, 5, 15, 20, 14, 30, 17, 20, 30, 27, 24, 14, 20, 18, 13, 28, 24, 19, 14]; 
TC = [55, 35, 70, 48, 62, 64, 55, 89, 69, 51, 45, 97, 67, 34, 51, 36, 53, 98, 58, 35, 69, 46, 23, 45, 97]; 
TN = [19, 18, 16, 19, 19, 15, 12, 19, 10, 13, 19, 16, 15, 18, 14, 16, 19, 20, 17, 17, 18, 13, 17, 11, 12]; 
TCSTO = [[0, 22, 8], [15, 0, 21], [22, 22, 0]]; 

