
nb_chirurgiens=7;
nb_salles=6; 
nb_operations=35; 
nb_type_operations=3; 
nb_patients=35; 
temps_infection=0; 
temps_latex=0; 
A = [[1, 1, 1, 1, 1, 1], [1, 1, 1, 1, 1, 1], [1, 1, 1, 1, 1, 1], [1, 1, 1, 1, 1, 1], [1, 1, 1, 1, 1, 1], [1, 1, 1, 1, 1, 1], [1, 1, 1, 0, 1, 1], [1, 1, 1, 1, 1, 1], [0, 1, 1, 1, 1, 1], [1, 1, 1, 1, 1, 0], [1, 1, 1, 1, 1, 1], [1, 1, 1, 1, 1, 1], [1, 1, 0, 1, 1, 1], [1, 1, 1, 1, 1, 1], [1, 1, 1, 1, 1, 1], [1, 1, 1, 1, 1, 1], [1, 1, 1, 1, 1, 1], [1, 1, 1, 1, 1, 1], [1, 1, 0, 1, 1, 1], [1, 1, 1, 1, 0, 1], [1, 1, 1, 1, 1, 1], [1, 1, 0, 1, 1, 1], [1, 1, 1, 1, 1, 1], [1, 1, 1, 1, 1, 1], [1, 1, 1, 1, 1, 1], [1, 1, 1, 1, 1, 1], [1, 1, 0, 1, 1, 1], [1, 1, 1, 0, 1, 1], [1, 1, 1, 1, 1, 1], [1, 1, 0, 1, 1, 1], [1, 1, 0, 1, 1, 1], [1, 1, 1, 1, 1, 1], [1, 1, 1, 1, 1, 1], [1, 1, 1, 1, 1, 0], [1, 1, 1, 1, 1, 1]]; 
C = [[1, 0, 0, 0, 0, 0, 0, 1, 0, 0, 0, 0, 0, 0, 1, 0, 0, 0, 0, 0, 0, 1, 0, 0, 0, 0, 0, 0, 1, 0, 0, 0, 0, 0, 0], [0, 1, 0, 0, 0, 0, 0, 0, 1, 0, 0, 0, 0, 0, 0, 1, 0, 0, 0, 0, 0, 0, 1, 0, 0, 0, 0, 0, 0, 1, 0, 0, 0, 0, 0], [0, 0, 1, 0, 0, 0, 0, 0, 0, 1, 0, 0, 0, 0, 0, 0, 1, 0, 0, 0, 0, 0, 0, 1, 0, 0, 0, 0, 0, 0, 1, 0, 0, 0, 0], [0, 0, 0, 1, 0, 0, 0, 0, 0, 0, 1, 0, 0, 0, 0, 0, 0, 1, 0, 0, 0, 0, 0, 0, 1, 0, 0, 0, 0, 0, 0, 1, 0, 0, 0], [0, 0, 0, 0, 1, 0, 0, 0, 0, 0, 0, 1, 0, 0, 0, 0, 0, 0, 1, 0, 0, 0, 0, 0, 0, 1, 0, 0, 0, 0, 0, 0, 1, 0, 0], [0, 0, 0, 0, 0, 1, 0, 0, 0, 0, 0, 0, 1, 0, 0, 0, 0, 0, 0, 1, 0, 0, 0, 0, 0, 0, 1, 0, 0, 0, 0, 0, 0, 1, 0], [0, 0, 0, 0, 0, 0, 1, 0, 0, 0, 0, 0, 0, 1, 0, 0, 0, 0, 0, 0, 1, 0, 0, 0, 0, 0, 0, 1, 0, 0, 0, 0, 0, 0, 1]]; 
horaire_debut = [0, 0, 0, 0, 0, 0, 0]; 
horaire_fin= [10000, 10000, 10000, 10000, 10000, 10000, 10000]; 
I = [0, 0, 0, 0, 0, 0, 0, 0, 0, 0, 0, 0, 0, 0, 0, 0, 0, 0, 0, 0, 0, 0, 0, 0, 0, 0, 0, 0, 0, 0, 0, 0, 0, 0, 0]; 
L= [0, 0, 0, 0, 0, 0, 0, 0, 0, 0, 0, 0, 0, 0, 0, 0, 0, 0, 0, 0, 0, 0, 0, 0, 0, 0, 0, 0, 0, 0, 0, 0, 0, 0, 0]; 
T = [[1, 0, 0], [0, 0, 1], [0, 1, 0], [1, 0, 0], [0, 1, 0], [0, 1, 0], [1, 0, 0], [1, 0, 0], [0, 0, 1], [0, 1, 0], [1, 0, 0], [0, 1, 0], [0, 1, 0], [1, 0, 0], [1, 0, 0], [0, 0, 1], [0, 1, 0], [1, 0, 0], [0, 1, 0], [0, 1, 0], [1, 0, 0], [1, 0, 0], [0, 0, 1], [0, 1, 0], [1, 0, 0], [0, 1, 0], [0, 1, 0], [1, 0, 0], [1, 0, 0], [0, 0, 1], [0, 1, 0], [1, 0, 0], [0, 1, 0], [0, 1, 0], [1, 0, 0]]; 
TP = [20, 12, 16, 16, 23, 6, 13, 17, 26, 8, 21, 29, 26, 20, 22, 30, 11, 7, 26, 24, 15, 18, 27, 26, 22, 30, 7, 8, 27, 23, 17, 12, 28, 20, 22]; 
TC = [53, 102, 63, 62, 62, 47, 76, 93, 57, 33, 77, 154, 69, 27, 59, 55, 30, 80, 58, 54, 40, 83, 46, 40, 53, 106, 34, 60, 69, 57, 41, 36, 29, 95, 47]; 
TN = [14, 11, 14, 17, 13, 19, 12, 12, 13, 20, 19, 13, 17, 11, 17, 10, 16, 10, 13, 10, 20, 20, 14, 12, 11, 20, 14, 17, 12, 10, 13, 12, 17, 10, 12]; 
TCSTO = [[0, 14, 26], [19, 0, 15], [18, 22, 0]]; 

