
nb_chirurgiens=8;
nb_salles=10; 
nb_operations=50; 
nb_type_operations=3; 
nb_patients=50; 
temps_infection=0; 
temps_latex=0; 
A = [[1, 1, 1, 1, 1, 1, 1, 1, 1, 1], [1, 1, 1, 1, 1, 1, 1, 1, 0, 1], [1, 1, 1, 1, 1, 1, 1, 1, 1, 1], [1, 1, 0, 0, 1, 1, 1, 1, 1, 1], [1, 1, 1, 1, 1, 1, 0, 1, 1, 1], [1, 0, 0, 1, 1, 1, 1, 1, 1, 1], [0, 1, 1, 1, 1, 1, 1, 1, 1, 1], [1, 1, 1, 1, 1, 1, 1, 1, 1, 0], [1, 1, 1, 1, 1, 1, 1, 1, 1, 1], [1, 1, 1, 1, 1, 1, 1, 1, 1, 1], [1, 0, 1, 1, 0, 1, 1, 1, 1, 1], [1, 1, 1, 1, 1, 1, 1, 1, 1, 1], [1, 1, 1, 1, 1, 1, 1, 1, 1, 1], [0, 1, 1, 0, 1, 1, 1, 1, 1, 1], [0, 1, 1, 0, 1, 1, 1, 1, 1, 1], [1, 1, 1, 1, 1, 1, 1, 1, 1, 1], [1, 1, 1, 1, 0, 1, 0, 1, 1, 0], [1, 1, 1, 1, 0, 1, 1, 1, 1, 1], [1, 1, 1, 1, 1, 0, 1, 1, 1, 1], [1, 1, 1, 1, 1, 1, 1, 1, 0, 1], [0, 1, 0, 1, 0, 1, 0, 1, 1, 1], [1, 1, 1, 1, 1, 1, 1, 1, 1, 1], [1, 1, 1, 0, 1, 0, 1, 0, 1, 0], [0, 1, 1, 1, 1, 1, 1, 1, 1, 1], [1, 1, 0, 1, 1, 1, 1, 1, 1, 1], [1, 1, 1, 1, 1, 1, 1, 1, 1, 1], [1, 0, 1, 1, 0, 1, 1, 1, 1, 1], [1, 0, 1, 1, 1, 1, 1, 1, 1, 1], [1, 1, 0, 1, 1, 1, 1, 1, 1, 1], [1, 0, 1, 1, 1, 1, 1, 1, 1, 0], [1, 1, 1, 1, 0, 1, 1, 1, 0, 0], [1, 1, 1, 1, 1, 1, 1, 1, 1, 1], [1, 1, 1, 1, 1, 1, 1, 1, 1, 1], [0, 0, 1, 1, 1, 1, 0, 1, 1, 1], [1, 1, 1, 1, 1, 1, 1, 0, 1, 1], [1, 1, 1, 1, 1, 1, 1, 1, 1, 1], [1, 1, 1, 1, 1, 1, 1, 1, 1, 1], [1, 1, 1, 1, 1, 1, 1, 0, 1, 1], [1, 1, 1, 1, 1, 1, 1, 0, 1, 1], [1, 1, 1, 1, 1, 1, 1, 1, 1, 1], [0, 1, 1, 1, 1, 1, 0, 1, 1, 1], [1, 1, 1, 1, 1, 0, 1, 1, 1, 1], [1, 1, 1, 1, 1, 1, 1, 1, 1, 1], [1, 1, 1, 1, 1, 1, 1, 0, 1, 1], [1, 1, 1, 1, 1, 1, 1, 1, 1, 0], [1, 1, 1, 1, 1, 1, 1, 1, 1, 1], [1, 1, 1, 1, 1, 1, 1, 1, 1, 1], [1, 1, 1, 1, 1, 1, 0, 1, 1, 1], [1, 1, 1, 1, 1, 1, 1, 1, 1, 1], [1, 1, 1, 1, 1, 1, 1, 1, 1, 1]]; 
C = [[1, 0, 0, 0, 0, 0, 0, 0, 1, 0, 0, 0, 0, 0, 0, 0, 1, 0, 0, 0, 0, 0, 0, 0, 1, 0, 0, 0, 0, 0, 0, 0, 1, 0, 0, 0, 0, 0, 0, 0, 1, 0, 0, 0, 0, 0, 0, 0, 1, 0], [0, 1, 0, 0, 0, 0, 0, 0, 0, 1, 0, 0, 0, 0, 0, 0, 0, 1, 0, 0, 0, 0, 0, 0, 0, 1, 0, 0, 0, 0, 0, 0, 0, 1, 0, 0, 0, 0, 0, 0, 0, 1, 0, 0, 0, 0, 0, 0, 0, 1], [0, 0, 1, 0, 0, 0, 0, 0, 0, 0, 1, 0, 0, 0, 0, 0, 0, 0, 1, 0, 0, 0, 0, 0, 0, 0, 1, 0, 0, 0, 0, 0, 0, 0, 1, 0, 0, 0, 0, 0, 0, 0, 1, 0, 0, 0, 0, 0, 0, 0], [0, 0, 0, 1, 0, 0, 0, 0, 0, 0, 0, 1, 0, 0, 0, 0, 0, 0, 0, 1, 0, 0, 0, 0, 0, 0, 0, 1, 0, 0, 0, 0, 0, 0, 0, 1, 0, 0, 0, 0, 0, 0, 0, 1, 0, 0, 0, 0, 0, 0], [0, 0, 0, 0, 1, 0, 0, 0, 0, 0, 0, 0, 1, 0, 0, 0, 0, 0, 0, 0, 1, 0, 0, 0, 0, 0, 0, 0, 1, 0, 0, 0, 0, 0, 0, 0, 1, 0, 0, 0, 0, 0, 0, 0, 1, 0, 0, 0, 0, 0], [0, 0, 0, 0, 0, 1, 0, 0, 0, 0, 0, 0, 0, 1, 0, 0, 0, 0, 0, 0, 0, 1, 0, 0, 0, 0, 0, 0, 0, 1, 0, 0, 0, 0, 0, 0, 0, 1, 0, 0, 0, 0, 0, 0, 0, 1, 0, 0, 0, 0], [0, 0, 0, 0, 0, 0, 1, 0, 0, 0, 0, 0, 0, 0, 1, 0, 0, 0, 0, 0, 0, 0, 1, 0, 0, 0, 0, 0, 0, 0, 1, 0, 0, 0, 0, 0, 0, 0, 1, 0, 0, 0, 0, 0, 0, 0, 1, 0, 0, 0], [0, 0, 0, 0, 0, 0, 0, 1, 0, 0, 0, 0, 0, 0, 0, 1, 0, 0, 0, 0, 0, 0, 0, 1, 0, 0, 0, 0, 0, 0, 0, 1, 0, 0, 0, 0, 0, 0, 0, 1, 0, 0, 0, 0, 0, 0, 0, 1, 0, 0]]; 
horaire_debut = [0, 0, 0, 0, 0, 0, 0, 0]; 
horaire_fin= [10000, 10000, 10000, 10000, 10000, 10000, 10000, 10000]; 
I = [0, 0, 0, 0, 0, 0, 0, 0, 0, 0, 0, 0, 0, 0, 0, 0, 0, 0, 0, 0, 0, 0, 0, 0, 0, 0, 0, 0, 0, 0, 0, 0, 0, 0, 0, 0, 0, 0, 0, 0, 0, 0, 0, 0, 0, 0, 0, 0, 0, 0]; 
L= [0, 0, 0, 0, 0, 0, 0, 0, 0, 0, 0, 0, 0, 0, 0, 0, 0, 0, 0, 0, 0, 0, 0, 0, 0, 0, 0, 0, 0, 0, 0, 0, 0, 0, 0, 0, 0, 0, 0, 0, 0, 0, 0, 0, 0, 0, 0, 0, 0, 0]; 
T = [[0, 1, 0], [1, 0, 0], [0, 0, 1], [0, 1, 0], [0, 0, 1], [0, 0, 1], [1, 0, 0], [0, 0, 1], [0, 1, 0], [1, 0, 0], [0, 0, 1], [0, 1, 0], [0, 0, 1], [0, 0, 1], [1, 0, 0], [0, 0, 1], [0, 1, 0], [1, 0, 0], [0, 0, 1], [0, 1, 0], [0, 0, 1], [0, 0, 1], [1, 0, 0], [0, 0, 1], [0, 1, 0], [1, 0, 0], [0, 0, 1], [0, 1, 0], [0, 0, 1], [0, 0, 1], [1, 0, 0], [0, 0, 1], [0, 1, 0], [1, 0, 0], [0, 0, 1], [0, 1, 0], [0, 0, 1], [0, 0, 1], [1, 0, 0], [0, 0, 1], [0, 1, 0], [1, 0, 0], [0, 0, 1], [0, 1, 0], [0, 0, 1], [0, 0, 1], [1, 0, 0], [0, 0, 1], [0, 1, 0], [1, 0, 0]]; 
TP = [25, 15, 28, 17, 28, 23, 18, 19, 29, 28, 13, 18, 20, 25, 14, 27, 6, 17, 27, 22, 26, 29, 28, 22, 11, 25, 20, 15, 5, 16, 7, 12, 14, 17, 9, 25, 28, 20, 26, 15, 20, 24, 26, 20, 23, 5, 28, 26, 17, 21]; 
TC = [45, 101, 75, 142, 134, 62, 56, 81, 47, 88, 38, 54, 80, 86, 36, 62, 64, 78, 18, 39, 41, 21, 81, 62, 64, 84, 65, 35, 18, 101, 57, 76, 43, 100, 96, 56, 45, 85, 85, 66, 120, 81, 39, 42, 35, 56, 57, 98, 56, 94]; 
TN = [17, 11, 10, 17, 18, 11, 19, 12, 11, 18, 16, 11, 18, 17, 20, 14, 20, 10, 20, 11, 18, 10, 18, 20, 14, 17, 19, 20, 20, 15, 16, 18, 14, 14, 15, 12, 13, 17, 18, 19, 19, 13, 18, 10, 18, 17, 19, 16, 13, 10]; 
TCSTO = [[0, 26, 12], [10, 0, 0], [3, 16, 0]]; 

