nb_chirurgiens = 3
nb_salles = 3
nb_operations = 10
nb_type_operations = 0
nb_type_materiel = 0
nb_materiels = 0
nb_patients = 10
temps_infection = 0
temps_latex = 0
TP = [61, 30, 22, 78, 39, 19, 24, 22, 11, 49]
TC = [218, 85, 61, 254, 112, 20, 4, 27, 22, 63]
TN = [39, 34, 31, 95, 19, 22, 27, 22, 30, 15]
C = [[1, 1, 1, 1, 0, 0, 0, 0, 0, 0], [0, 0, 0, 0, 1, 1, 1, 0, 0, 0], [0, 0, 0, 0, 0, 0, 0, 1, 1, 1]]
A = [[1, 1, 1], [1, 1, 1], [1, 1, 1], [1, 1, 1], [1, 1, 1], [1, 1, 1], [1, 1, 1], [1, 1, 1], [1, 1, 1], [1, 1, 1]]
Nom_chirurgiens = ['Chir_0_General', 'Chir_1_Gyn & Obstetrics', 'Chir_2_Otolaryngology']
Nom_operations = ['Op_0_5-524.01', 'Op_1_5-530.32', 'Op_2_5-385.70', 'Op_3_5-524.2', 'Op_4_5-683.03', 'Op_5_5-671.01', 'Op_6_5-712.0', 'Op_7_5-200.5', 'Op_8_1-546', 'Op_9_5-203.0']
horaire_debut = [0, 0, 0]
horaire_fin = [690, 690, 690]
I = [0, 0, 0, 0, 0, 0, 0, 0, 0, 0]
L = [0, 0, 0, 0, 0, 0, 0, 0, 0, 0]
T = [[0], [0], [0], [0], [0], [0], [0], [0], [0], [0]]
TCSTO = [[0]]
DE = [[0], [0], [0], [0], [0], [0], [0], [0], [0], [0]]