nb_chirurgiens = 5
nb_salles = 3
nb_operations = 20
nb_type_operations = 0
nb_type_materiel = 0
nb_materiels = 0
nb_patients = 20
temps_infection = 0
temps_latex = 0
TP = [52, 47, 32, 43, 26, 24, 46, 8, 49, 18, 47, 50, 49, 73, 64, 25, 45, 32, 39, 48]
TC = [102, 102, 44, 130, 25, 36, 111, 14, 92, 52, 79, 17, 81, 61, 129, 45, 82, 22, 40, 16]
TN = [16, 18, 14, 17, 26, 31, 47, 18, 31, 41, 24, 17, 24, 27, 26, 30, 19, 27, 14, 16]
C = [[1, 1, 1, 1, 0, 0, 0, 0, 0, 0, 0, 0, 0, 0, 0, 0, 0, 0, 0, 0], [0, 0, 0, 0, 1, 1, 1, 1, 0, 0, 0, 0, 0, 0, 0, 0, 0, 0, 0, 0], [0, 0, 0, 0, 0, 0, 0, 0, 1, 1, 1, 1, 0, 0, 0, 0, 0, 0, 0, 0], [0, 0, 0, 0, 0, 0, 0, 0, 0, 0, 0, 0, 1, 1, 1, 1, 0, 0, 0, 0], [0, 0, 0, 0, 0, 0, 0, 0, 0, 0, 0, 0, 0, 0, 0, 0, 1, 1, 1, 1]]
A = [[1, 1, 1], [1, 1, 1], [1, 1, 1], [1, 1, 1], [1, 1, 1], [1, 1, 1], [1, 1, 1], [1, 1, 1], [1, 1, 1], [1, 1, 1], [1, 1, 1], [1, 1, 1], [1, 1, 1], [1, 1, 1], [1, 1, 1], [1, 1, 1], [1, 1, 1], [1, 1, 1], [1, 1, 1], [1, 1, 1]]
Nom_chirurgiens = ['Chir_0_General', 'Chir_1_Gyn & Obstetrics', 'Chir_2_Otolaryngology', 'Chir_3_Trauma', 'Chir_4_General']
Nom_operations = ['Op_0_5-061.0', 'Op_1_5-530.33', 'Op_2_5-545.0', 'Op_3_5-381.02', 'Op_4_5-870.a0', 'Op_5_5-681.33', 'Op_6_5-877.10', 'Op_7_5-671.01', 'Op_8_5-221.6', 'Op_9_5-194.0', 'Op_10_5-209.24', 'Op_11_5-222.21', 'Op_12_5-83b.51', 'Op_13_5-820.00', 'Op_14_5-820.41', 'Op_15_5-790.1B', 'Op_16_5-534.1', 'Op_17_5-896.1b', 'Op_18_5-399.5', 'Op_19_5-916.a0']
horaire_debut = [0, 0, 0, 0, 0]
horaire_fin = [690, 690, 690, 690, 690]
I = [0, 0, 0, 0, 0, 0, 0, 0, 0, 0, 0, 0, 0, 0, 0, 0, 0, 0, 0, 0]
L = [0, 0, 0, 0, 0, 0, 0, 0, 0, 0, 0, 0, 0, 0, 0, 0, 0, 0, 0, 0]
T = [[0], [0], [0], [0], [0], [0], [0], [0], [0], [0], [0], [0], [0], [0], [0], [0], [0], [0], [0], [0]]
TCSTO = [[0]]
DE = [[0], [0], [0], [0], [0], [0], [0], [0], [0], [0], [0], [0], [0], [0], [0], [0], [0], [0], [0], [0]]