nb_chirurgiens = 5
nb_salles = 4
nb_operations = 30
nb_type_operations = 0
nb_type_materiel = 0
nb_materiels = 0
nb_patients = 30
temps_infection = 0
temps_latex = 0
TP = [28, 36, 19, 42, 27, 30, 21, 41, 19, 11, 39, 34, 21, 22, 23, 47, 15, 19, 25, 28, 25, 86, 37, 25, 45, 58, 44, 86, 87, 46]
TC = [42, 8, 30, 69, 159, 81, 21, 112, 13, 28, 26, 53, 46, 42, 20, 88, 15, 65, 45, 28, 45, 101, 13, 45, 69, 94, 88, 332, 252, 62]
TN = [73, 27, 29, 17, 32, 57, 28, 16, 18, 15, 17, 28, 11, 19, 39, 15, 5, 12, 30, 64, 30, 31, 27, 30, 38, 47, 28, 17, 21, 22]
C = [[1, 1, 1, 1, 1, 1, 0, 0, 0, 0, 0, 0, 0, 0, 0, 0, 0, 0, 0, 0, 0, 0, 0, 0, 0, 0, 0, 0, 0, 0], [0, 0, 0, 0, 0, 0, 1, 1, 1, 1, 1, 1, 0, 0, 0, 0, 0, 0, 0, 0, 0, 0, 0, 0, 0, 0, 0, 0, 0, 0], [0, 0, 0, 0, 0, 0, 0, 0, 0, 0, 0, 0, 1, 1, 1, 1, 1, 1, 0, 0, 0, 0, 0, 0, 0, 0, 0, 0, 0, 0], [0, 0, 0, 0, 0, 0, 0, 0, 0, 0, 0, 0, 0, 0, 0, 0, 0, 0, 1, 1, 1, 1, 1, 1, 0, 0, 0, 0, 0, 0], [0, 0, 0, 0, 0, 0, 0, 0, 0, 0, 0, 0, 0, 0, 0, 0, 0, 0, 0, 0, 0, 0, 0, 0, 1, 1, 1, 1, 1, 1]]
A = [[1, 1, 1, 1], [1, 1, 1, 1], [1, 1, 1, 1], [1, 1, 1, 1], [1, 1, 1, 1], [1, 1, 1, 1], [1, 1, 1, 1], [1, 1, 1, 1], [1, 1, 1, 1], [1, 1, 1, 1], [1, 1, 1, 1], [1, 1, 1, 1], [1, 1, 1, 1], [1, 1, 1, 1], [1, 1, 1, 1], [1, 1, 1, 1], [1, 1, 1, 1], [1, 1, 1, 1], [1, 1, 1, 1], [1, 1, 1, 1], [1, 1, 1, 1], [1, 1, 1, 1], [1, 1, 1, 1], [1, 1, 1, 1], [1, 1, 1, 1], [1, 1, 1, 1], [1, 1, 1, 1], [1, 1, 1, 1], [1, 1, 1, 1], [1, 1, 1, 1]]
Nom_chirurgiens = ['Chir_0_General', 'Chir_1_Gyn & Obstetrics', 'Chir_2_Otolaryngology', 'Chir_3_Trauma', 'Chir_4_General']
Nom_operations = ['Op_0_5-541.3', 'Op_1_5-916.a0', 'Op_2_5-399.5', 'Op_3_5-511.11', 'Op_4_5-061.0', 'Op_5_5-392.10', 'Op_6_5-593.20', 'Op_7_5-683.01', 'Op_8_1-471.2', 'Op_9_1-672', 'Op_10_5-683.01', 'Op_11_5-661.62', 'Op_12_5-281.0', 'Op_13_5-194.1', 'Op_14_5-281.1', 'Op_15_5-214.6', 'Op_16_1-630.1', 'Op_17_5-281.0', 'Op_18_5-896.1G', 'Op_19_5-896.1f', 'Op_20_5-794.KR', 'Op_21_5-821.7', 'Op_22_5-812.5', 'Op_23_5-896.1D', 'Op_24_5-072.03', 'Op_25_5-448.42', 'Op_26_5-434.51', 'Op_27_5-524.2', 'Op_28_5-502.5', 'Op_29_5-530.31']
horaire_debut = [0, 0, 0, 0, 0]
horaire_fin = [690, 690, 690, 690, 690]
I = [0, 0, 0, 0, 0, 0, 0, 0, 0, 0, 0, 0, 0, 0, 0, 0, 0, 0, 0, 0, 0, 0, 0, 0, 0, 0, 0, 0, 0, 0]
L = [0, 0, 0, 0, 0, 0, 0, 0, 0, 0, 0, 0, 0, 0, 0, 0, 0, 0, 0, 0, 0, 0, 0, 0, 0, 0, 0, 0, 0, 0]
T = [[0], [0], [0], [0], [0], [0], [0], [0], [0], [0], [0], [0], [0], [0], [0], [0], [0], [0], [0], [0], [0], [0], [0], [0], [0], [0], [0], [0], [0], [0]]
TCSTO = [[0]]
DE = [[0], [0], [0], [0], [0], [0], [0], [0], [0], [0], [0], [0], [0], [0], [0], [0], [0], [0], [0], [0], [0], [0], [0], [0], [0], [0], [0], [0], [0], [0]]