
nb_chirurgiens=4;
nb_salles=4; 
nb_operations=15; 
nb_type_operations=3; 
nb_patients=15; 
temps_infection=0; 
temps_latex=0; 
A = [[0, 1, 1, 1], [1, 1, 1, 1], [1, 0, 1, 1], [1, 1, 1, 1], [1, 1, 1, 1], [1, 1, 1, 0], [1, 1, 1, 1], [1, 1, 1, 1], [1, 1, 1, 0], [1, 0, 1, 1], [1, 1, 1, 1], [0, 0, 1, 1], [1, 1, 1, 1], [1, 1, 1, 1], [1, 1, 1, 1]]; 
C = [[1, 0, 0, 0, 1, 0, 0, 0, 1, 0, 0, 0, 1, 0, 0], [0, 1, 0, 0, 0, 1, 0, 0, 0, 1, 0, 0, 0, 1, 0], [0, 0, 1, 0, 0, 0, 1, 0, 0, 0, 1, 0, 0, 0, 1], [0, 0, 0, 1, 0, 0, 0, 1, 0, 0, 0, 1, 0, 0, 0]]; 
horaire_debut = [0, 0, 0, 0]; 
horaire_fin= [10000, 10000, 10000, 10000]; 
I = [0, 0, 0, 0, 0, 0, 0, 0, 0, 0, 0, 0, 0, 0, 0]; 
L= [0, 0, 0, 0, 0, 0, 0, 0, 0, 0, 0, 0, 0, 0, 0]; 
T = [[0, 1, 0], [1, 0, 0], [0, 1, 0], [0, 1, 0], [0, 1, 0], [1, 0, 0], [0, 1, 0], [0, 1, 0], [0, 1, 0], [1, 0, 0], [0, 1, 0], [0, 1, 0], [0, 1, 0], [1, 0, 0], [0, 1, 0]]; 
TP = [28, 11, 13, 27, 17, 30, 10, 21, 17, 6, 22, 19, 22, 19, 19]; 
TC = [55, 31, 78, 41, 38, 119, 46, 70, 38, 122, 34, 59, 48, 99, 67]; 
TN = [17, 14, 14, 14, 13, 10, 13, 16, 17, 18, 10, 19, 16, 15, 18]; 
TCSTO = [[0, 6, 0], [28, 0, 27], [30, 29, 0]]; 

