
nb_chirurgiens=6;
nb_salles=6; 
nb_operations=20; 
nb_type_operations=3; 
nb_patients=20; 
temps_infection=0; 
temps_latex=0; 
A = [[1, 1, 1, 1, 1, 1], [1, 1, 1, 1, 1, 1], [1, 1, 1, 1, 1, 0], [1, 1, 1, 1, 1, 1], [1, 1, 1, 1, 1, 0], [1, 1, 1, 1, 1, 1], [1, 1, 1, 0, 1, 1], [1, 0, 1, 1, 1, 1], [1, 1, 1, 1, 1, 1], [1, 1, 1, 1, 1, 1], [1, 1, 1, 1, 0, 0], [1, 0, 1, 1, 0, 1], [1, 0, 1, 1, 0, 1], [1, 0, 1, 1, 1, 0], [1, 1, 1, 1, 1, 1], [1, 0, 1, 1, 1, 1], [1, 1, 1, 1, 1, 1], [1, 1, 1, 1, 1, 1], [1, 1, 1, 1, 0, 1], [1, 1, 1, 1, 1, 1]]; 
C = [[1, 0, 0, 0, 0, 0, 1, 0, 0, 0, 0, 0, 1, 0, 0, 0, 0, 0, 1, 0], [0, 1, 0, 0, 0, 0, 0, 1, 0, 0, 0, 0, 0, 1, 0, 0, 0, 0, 0, 1], [0, 0, 1, 0, 0, 0, 0, 0, 1, 0, 0, 0, 0, 0, 1, 0, 0, 0, 0, 0], [0, 0, 0, 1, 0, 0, 0, 0, 0, 1, 0, 0, 0, 0, 0, 1, 0, 0, 0, 0], [0, 0, 0, 0, 1, 0, 0, 0, 0, 0, 1, 0, 0, 0, 0, 0, 1, 0, 0, 0], [0, 0, 0, 0, 0, 1, 0, 0, 0, 0, 0, 1, 0, 0, 0, 0, 0, 1, 0, 0]]; 
horaire_debut = [0, 0, 0, 0, 0, 0]; 
horaire_fin= [10000, 10000, 10000, 10000, 10000, 10000]; 
I = [0, 0, 0, 0, 0, 0, 0, 0, 0, 0, 0, 0, 0, 0, 0, 0, 0, 0, 0, 0]; 
L= [0, 0, 0, 0, 0, 0, 0, 0, 0, 0, 0, 0, 0, 0, 0, 0, 0, 0, 0, 0]; 
T = [[1, 0, 0], [0, 0, 1], [0, 0, 1], [0, 1, 0], [0, 1, 0], [0, 0, 1], [1, 0, 0], [0, 0, 1], [0, 0, 1], [0, 1, 0], [0, 1, 0], [0, 0, 1], [1, 0, 0], [0, 0, 1], [0, 0, 1], [0, 1, 0], [0, 1, 0], [0, 0, 1], [1, 0, 0], [0, 0, 1]]; 
TP = [20, 5, 9, 7, 24, 17, 16, 21, 15, 29, 27, 6, 22, 25, 26, 25, 13, 30, 6, 5]; 
TC = [62, 22, 104, 41, 60, 128, 68, 43, 55, 13, 95, 84, 44, 93, 31, 14, 109, 39, 16, 171]; 
TN = [20, 11, 13, 19, 12, 15, 10, 15, 12, 19, 15, 17, 13, 16, 11, 17, 13, 10, 11, 11]; 
TCSTO = [[0, 20, 20], [19, 0, 28], [29, 18, 0]]; 

