
nb_chirurgiens=7;
nb_salles=6; 
nb_operations=30; 
nb_type_operations=3; 
nb_patients=30; 
temps_infection=0; 
temps_latex=0; 
A = [[1, 1, 1, 1, 1, 1], [1, 1, 1, 1, 1, 1], [1, 1, 1, 1, 1, 1], [1, 1, 1, 1, 1, 1], [1, 1, 1, 1, 1, 0], [1, 1, 1, 1, 0, 1], [0, 1, 0, 1, 1, 1], [0, 1, 1, 1, 1, 1], [1, 1, 1, 1, 1, 1], [1, 1, 1, 1, 1, 1], [0, 1, 1, 1, 1, 1], [1, 1, 0, 1, 1, 0], [1, 1, 1, 1, 1, 1], [1, 0, 1, 1, 1, 1], [1, 1, 1, 1, 1, 1], [1, 1, 1, 1, 1, 1], [1, 1, 0, 1, 1, 1], [1, 1, 1, 1, 1, 0], [1, 1, 1, 1, 1, 1], [1, 1, 1, 1, 1, 1], [1, 0, 0, 1, 1, 1], [1, 1, 1, 1, 0, 1], [1, 1, 1, 1, 1, 1], [1, 1, 1, 1, 1, 1], [1, 1, 1, 1, 1, 1], [1, 1, 0, 1, 1, 1], [1, 0, 1, 1, 1, 1], [1, 1, 0, 1, 1, 1], [1, 1, 1, 1, 1, 1], [1, 1, 1, 1, 1, 1]]; 
C = [[1, 0, 0, 0, 0, 0, 0, 1, 0, 0, 0, 0, 0, 0, 1, 0, 0, 0, 0, 0, 0, 1, 0, 0, 0, 0, 0, 0, 1, 0], [0, 1, 0, 0, 0, 0, 0, 0, 1, 0, 0, 0, 0, 0, 0, 1, 0, 0, 0, 0, 0, 0, 1, 0, 0, 0, 0, 0, 0, 1], [0, 0, 1, 0, 0, 0, 0, 0, 0, 1, 0, 0, 0, 0, 0, 0, 1, 0, 0, 0, 0, 0, 0, 1, 0, 0, 0, 0, 0, 0], [0, 0, 0, 1, 0, 0, 0, 0, 0, 0, 1, 0, 0, 0, 0, 0, 0, 1, 0, 0, 0, 0, 0, 0, 1, 0, 0, 0, 0, 0], [0, 0, 0, 0, 1, 0, 0, 0, 0, 0, 0, 1, 0, 0, 0, 0, 0, 0, 1, 0, 0, 0, 0, 0, 0, 1, 0, 0, 0, 0], [0, 0, 0, 0, 0, 1, 0, 0, 0, 0, 0, 0, 1, 0, 0, 0, 0, 0, 0, 1, 0, 0, 0, 0, 0, 0, 1, 0, 0, 0], [0, 0, 0, 0, 0, 0, 1, 0, 0, 0, 0, 0, 0, 1, 0, 0, 0, 0, 0, 0, 1, 0, 0, 0, 0, 0, 0, 1, 0, 0]]; 
horaire_debut = [0, 0, 0, 0, 0, 0, 0]; 
horaire_fin= [10000, 10000, 10000, 10000, 10000, 10000, 10000]; 
I = [0, 0, 0, 0, 0, 0, 0, 0, 0, 0, 0, 0, 0, 0, 0, 0, 0, 0, 0, 0, 0, 0, 0, 0, 0, 0, 0, 0, 0, 0]; 
L= [0, 0, 0, 0, 0, 0, 0, 0, 0, 0, 0, 0, 0, 0, 0, 0, 0, 0, 0, 0, 0, 0, 0, 0, 0, 0, 0, 0, 0, 0]; 
T = [[1, 0, 0], [1, 0, 0], [0, 1, 0], [0, 0, 1], [1, 0, 0], [0, 1, 0], [1, 0, 0], [1, 0, 0], [1, 0, 0], [0, 1, 0], [0, 0, 1], [1, 0, 0], [0, 1, 0], [1, 0, 0], [1, 0, 0], [1, 0, 0], [0, 1, 0], [0, 0, 1], [1, 0, 0], [0, 1, 0], [1, 0, 0], [1, 0, 0], [1, 0, 0], [0, 1, 0], [0, 0, 1], [1, 0, 0], [0, 1, 0], [1, 0, 0], [1, 0, 0], [1, 0, 0]]; 
TP = [21, 24, 19, 15, 17, 24, 20, 27, 27, 11, 5, 8, 17, 29, 24, 9, 23, 8, 29, 28, 30, 19, 23, 7, 8, 25, 25, 25, 10, 16]; 
TC = [81, 27, 53, 48, 21, 39, 82, 51, 55, 74, 85, 42, 54, 30, 56, 39, 42, 50, 77, 41, 47, 46, 45, 76, 53, 58, 90, 80, 60, 89]; 
TN = [10, 18, 20, 19, 20, 20, 17, 15, 15, 14, 14, 10, 10, 15, 11, 14, 18, 11, 14, 19, 18, 15, 17, 10, 16, 12, 16, 19, 19, 20]; 
TCSTO = [[0, 24, 3], [10, 0, 17], [19, 25, 0]]; 

