
nb_chirurgiens=7;
nb_salles=8; 
nb_operations=40; 
nb_type_operations=3; 
nb_patients=40; 
temps_infection=0; 
temps_latex=0; 
A = [[1, 1, 1, 1, 1, 1, 1, 1], [1, 0, 0, 1, 1, 1, 1, 1], [1, 0, 1, 0, 1, 1, 1, 1], [1, 1, 1, 1, 1, 1, 1, 0], [1, 1, 1, 1, 0, 1, 0, 1], [1, 0, 1, 1, 1, 1, 1, 1], [1, 1, 1, 1, 1, 1, 1, 1], [1, 1, 1, 0, 1, 1, 1, 1], [1, 1, 1, 1, 1, 1, 1, 1], [1, 1, 1, 0, 1, 1, 1, 0], [1, 1, 1, 1, 1, 1, 1, 1], [1, 1, 1, 1, 1, 1, 1, 1], [1, 1, 1, 1, 1, 1, 1, 1], [1, 1, 1, 1, 0, 1, 1, 1], [1, 1, 0, 1, 1, 1, 1, 1], [1, 1, 1, 1, 1, 1, 1, 1], [1, 1, 1, 1, 1, 1, 1, 1], [1, 1, 1, 1, 1, 1, 1, 1], [1, 1, 1, 1, 1, 0, 1, 1], [1, 1, 1, 1, 1, 1, 1, 1], [1, 1, 0, 0, 1, 1, 1, 1], [1, 1, 1, 1, 1, 1, 1, 1], [1, 1, 1, 1, 0, 1, 1, 1], [1, 1, 1, 1, 1, 1, 1, 1], [1, 1, 1, 1, 1, 1, 1, 1], [1, 1, 1, 1, 1, 1, 1, 1], [1, 1, 1, 1, 1, 1, 1, 1], [1, 1, 1, 1, 1, 1, 1, 1], [1, 0, 1, 1, 1, 1, 1, 1], [1, 1, 1, 1, 1, 1, 1, 1], [1, 1, 1, 1, 1, 1, 1, 1], [1, 1, 0, 1, 1, 0, 1, 1], [1, 1, 1, 1, 1, 1, 1, 1], [1, 1, 1, 1, 1, 1, 1, 1], [1, 1, 1, 1, 1, 1, 1, 1], [1, 1, 1, 1, 1, 1, 1, 1], [1, 1, 1, 1, 1, 1, 1, 1], [1, 0, 1, 1, 1, 1, 1, 1], [1, 1, 1, 1, 1, 1, 1, 1], [1, 1, 0, 0, 1, 1, 1, 1]]; 
C = [[1, 0, 0, 0, 0, 0, 0, 1, 0, 0, 0, 0, 0, 0, 1, 0, 0, 0, 0, 0, 0, 1, 0, 0, 0, 0, 0, 0, 1, 0, 0, 0, 0, 0, 0, 1, 0, 0, 0, 0], [0, 1, 0, 0, 0, 0, 0, 0, 1, 0, 0, 0, 0, 0, 0, 1, 0, 0, 0, 0, 0, 0, 1, 0, 0, 0, 0, 0, 0, 1, 0, 0, 0, 0, 0, 0, 1, 0, 0, 0], [0, 0, 1, 0, 0, 0, 0, 0, 0, 1, 0, 0, 0, 0, 0, 0, 1, 0, 0, 0, 0, 0, 0, 1, 0, 0, 0, 0, 0, 0, 1, 0, 0, 0, 0, 0, 0, 1, 0, 0], [0, 0, 0, 1, 0, 0, 0, 0, 0, 0, 1, 0, 0, 0, 0, 0, 0, 1, 0, 0, 0, 0, 0, 0, 1, 0, 0, 0, 0, 0, 0, 1, 0, 0, 0, 0, 0, 0, 1, 0], [0, 0, 0, 0, 1, 0, 0, 0, 0, 0, 0, 1, 0, 0, 0, 0, 0, 0, 1, 0, 0, 0, 0, 0, 0, 1, 0, 0, 0, 0, 0, 0, 1, 0, 0, 0, 0, 0, 0, 1], [0, 0, 0, 0, 0, 1, 0, 0, 0, 0, 0, 0, 1, 0, 0, 0, 0, 0, 0, 1, 0, 0, 0, 0, 0, 0, 1, 0, 0, 0, 0, 0, 0, 1, 0, 0, 0, 0, 0, 0], [0, 0, 0, 0, 0, 0, 1, 0, 0, 0, 0, 0, 0, 1, 0, 0, 0, 0, 0, 0, 1, 0, 0, 0, 0, 0, 0, 1, 0, 0, 0, 0, 0, 0, 1, 0, 0, 0, 0, 0]]; 
horaire_debut = [0, 0, 0, 0, 0, 0, 0]; 
horaire_fin= [10000, 10000, 10000, 10000, 10000, 10000, 10000]; 
I = [0, 0, 0, 0, 0, 0, 0, 0, 0, 0, 0, 0, 0, 0, 0, 0, 0, 0, 0, 0, 0, 0, 0, 0, 0, 0, 0, 0, 0, 0, 0, 0, 0, 0, 0, 0, 0, 0, 0, 0]; 
L= [0, 0, 0, 0, 0, 0, 0, 0, 0, 0, 0, 0, 0, 0, 0, 0, 0, 0, 0, 0, 0, 0, 0, 0, 0, 0, 0, 0, 0, 0, 0, 0, 0, 0, 0, 0, 0, 0, 0, 0]; 
T = [[1, 0, 0], [0, 0, 1], [0, 1, 0], [1, 0, 0], [1, 0, 0], [0, 1, 0], [0, 0, 1], [1, 0, 0], [0, 0, 1], [0, 1, 0], [1, 0, 0], [1, 0, 0], [0, 1, 0], [0, 0, 1], [1, 0, 0], [0, 0, 1], [0, 1, 0], [1, 0, 0], [1, 0, 0], [0, 1, 0], [0, 0, 1], [1, 0, 0], [0, 0, 1], [0, 1, 0], [1, 0, 0], [1, 0, 0], [0, 1, 0], [0, 0, 1], [1, 0, 0], [0, 0, 1], [0, 1, 0], [1, 0, 0], [1, 0, 0], [0, 1, 0], [0, 0, 1], [1, 0, 0], [0, 0, 1], [0, 1, 0], [1, 0, 0], [1, 0, 0]]; 
TP = [22, 12, 22, 10, 10, 24, 16, 6, 11, 7, 23, 19, 9, 12, 15, 30, 23, 20, 9, 21, 6, 14, 21, 25, 27, 28, 29, 18, 7, 19, 29, 14, 26, 11, 9, 23, 28, 18, 18, 30]; 
TC = [81, 48, 85, 111, 67, 90, 74, 61, 101, 57, 82, 72, 89, 77, 38, 50, 69, 28, 64, 28, 41, 87, 59, 78, 46, 100, 61, 46, 30, 94, 60, 29, 164, 52, 38, 25, 28, 40, 46, 41]; 
TN = [17, 11, 12, 20, 15, 12, 15, 16, 20, 10, 19, 10, 17, 17, 12, 13, 14, 20, 10, 10, 12, 19, 14, 15, 16, 18, 18, 11, 10, 15, 14, 10, 18, 19, 12, 10, 13, 11, 12, 16]; 
TCSTO = [[0, 27, 15], [20, 0, 0], [9, 18, 0]]; 

