
nb_chirurgiens = 8;
nb_salles = 7;
nb_operations = 58;
nb_type_operations = 1;
nb_type_materiel = 0;
nb_materiels = 0;
nb_patients = 58;
temps_infection = 0;
temps_latex = 0;
TP = [0, 0, 0, 0, 0, 0, 0, 0, 0, 0, 0, 0, 0, 0, 0, 0, 0, 0, 0, 0, 0, 0, 0, 0, 0, 0, 0, 0, 0, 0, 0, 0, 0, 0, 0, 0, 0, 0, 0, 0, 0, 0, 0, 0, 0, 0, 0, 0, 0, 0, 0, 0, 0, 0, 0, 0, 0, 0];
TC = [427, 399, 386, 378, 446, 307, 367, 667, 839, 301, 375, 497, 393, 325, 590, 286, 301, 467, 330, 237, 423, 360, 391, 204, 416, 480, 360, 275, 491, 364, 413, 300, 255, 367, 249, 258, 379, 202, 398, 342, 277, 274, 307, 530, 283, 368, 384, 418, 288, 466, 292, 255, 259, 552, 261, 279, 185, 273];
TN = [0, 0, 0, 0, 0, 0, 0, 0, 0, 0, 0, 0, 0, 0, 0, 0, 0, 0, 0, 0, 0, 0, 0, 0, 0, 0, 0, 0, 0, 0, 0, 0, 0, 0, 0, 0, 0, 0, 0, 0, 0, 0, 0, 0, 0, 0, 0, 0, 0, 0, 0, 0, 0, 0, 0, 0, 0, 0];
TPR = [0, 0, 0, 0, 0, 0, 0, 0, 0, 0, 0, 0, 0, 0, 0, 0, 0, 0, 0, 0, 0, 0, 0, 0, 0, 0, 0, 0, 0, 0, 0, 0, 0, 0, 0, 0, 0, 0, 0, 0, 0, 0, 0, 0, 0, 0, 0, 0, 0, 0, 0, 0, 0, 0, 0, 0, 0, 0];
TCR = [427, 399, 386, 378, 446, 307, 367, 667, 839, 301, 375, 497, 393, 325, 590, 286, 301, 467, 330, 237, 423, 360, 391, 204, 416, 480, 360, 275, 491, 364, 413, 300, 255, 367, 249, 258, 379, 202, 398, 342, 277, 274, 307, 530, 283, 368, 384, 418, 288, 466, 292, 255, 259, 552, 261, 279, 185, 273];
TNR = [0, 0, 0, 0, 0, 0, 0, 0, 0, 0, 0, 0, 0, 0, 0, 0, 0, 0, 0, 0, 0, 0, 0, 0, 0, 0, 0, 0, 0, 0, 0, 0, 0, 0, 0, 0, 0, 0, 0, 0, 0, 0, 0, 0, 0, 0, 0, 0, 0, 0, 0, 0, 0, 0, 0, 0, 0, 0];
I = [0, 0, 0, 0, 0, 0, 0, 0, 0, 0, 0, 0, 0, 0, 0, 0, 0, 0, 0, 0, 0, 0, 0, 0, 0, 0, 0, 0, 0, 0, 0, 0, 0, 0, 0, 0, 0, 0, 0, 0, 0, 0, 0, 0, 0, 0, 0, 0, 0, 0, 0, 0, 0, 0, 0, 0, 0, 0];
L = [0, 0, 0, 0, 0, 0, 0, 0, 0, 0, 0, 0, 0, 0, 0, 0, 0, 0, 0, 0, 0, 0, 0, 0, 0, 0, 0, 0, 0, 0, 0, 0, 0, 0, 0, 0, 0, 0, 0, 0, 0, 0, 0, 0, 0, 0, 0, 0, 0, 0, 0, 0, 0, 0, 0, 0, 0, 0];
H = [0, 0, 0, 0, 0, 0, 0, 0, 0, 0, 0, 0, 0, 0, 0, 0, 0, 0, 0, 0, 0, 0, 0, 0, 0, 0, 0, 0, 0, 0, 0, 0, 0, 0, 0, 0, 0, 0, 0, 0, 0, 0, 0, 0, 0, 0, 0, 0, 0, 0, 0, 0, 0, 0, 0, 0, 0, 0];
ID_chirurgiens = [0, 1, 2, 3, 4, 5, 6, 7];
Nom_chirurgiens = ['Chir_0', 'Chir_1', 'Chir_2', 'Chir_3', 'Chir_4', 'Chir_5', 'Chir_6', 'Chir_7'];
ID_operations = [0, 1, 2, 3, 4, 5, 6, 7, 8, 9, 10, 11, 12, 13, 14, 15, 16, 17, 18, 19, 20, 21, 22, 23, 24, 25, 26, 27, 28, 29, 30, 31, 32, 33, 34, 35, 36, 37, 38, 39, 40, 41, 42, 43, 44, 45, 46, 47, 48, 49, 50, 51, 52, 53, 54, 55, 56, 57];
Nom_operations = ['Op_0', 'Op_1', 'Op_2', 'Op_3', 'Op_4', 'Op_5', 'Op_6', 'Op_7', 'Op_8', 'Op_9', 'Op_10', 'Op_11', 'Op_12', 'Op_13', 'Op_14', 'Op_15', 'Op_16', 'Op_17', 'Op_18', 'Op_19', 'Op_20', 'Op_21', 'Op_22', 'Op_23', 'Op_24', 'Op_25', 'Op_26', 'Op_27', 'Op_28', 'Op_29', 'Op_30', 'Op_31', 'Op_32', 'Op_33', 'Op_34', 'Op_35', 'Op_36', 'Op_37', 'Op_38', 'Op_39', 'Op_40', 'Op_41', 'Op_42', 'Op_43', 'Op_44', 'Op_45', 'Op_46', 'Op_47', 'Op_48', 'Op_49', 'Op_50', 'Op_51', 'Op_52', 'Op_53', 'Op_54', 'Op_55', 'Op_56', 'Op_57'];
horaire_debut = [0, 0, 0, 0, 0, 0, 0, 0];
horaire_fin = [1440, 1440, 1440, 1440, 1440, 1440, 1440, 1440];
nombre_de_salles_par_chirurgiens = [7, 7, 7, 7, 7, 7, 7, 7];
C = [[0, 1, 1, 0, 0, 0, 0, 0, 0, 0, 0, 0, 0, 0, 0, 0, 0, 0, 1, 0, 0, 0, 0, 0, 0, 0, 0, 0, 0, 1, 0, 0, 0, 1, 0, 0, 0, 0, 0, 0, 0, 0, 0, 0, 0, 0, 0, 1, 0, 0, 0, 0, 0, 0, 0, 0, 0, 1], [0, 0, 0, 0, 0, 0, 0, 0, 0, 0, 0, 0, 0, 0, 0, 1, 0, 0, 0, 0, 0, 0, 0, 0, 0, 0, 1, 0, 0, 0, 0, 0, 0, 0, 1, 0, 0, 1, 0, 0, 0, 0, 0, 0, 0, 0, 0, 0, 0, 0, 0, 1, 1, 0, 0, 0, 0, 0], [0, 0, 0, 0, 0, 0, 0, 0, 0, 0, 0, 0, 0, 0, 1, 0, 0, 0, 0, 0, 0, 0, 0, 0, 0, 0, 0, 0, 0, 0, 0, 0, 0, 0, 0, 0, 0, 0, 0, 0, 0, 0, 0, 1, 0, 1, 0, 0, 1, 1, 0, 0, 0, 0, 1, 1, 0, 0], [1, 0, 0, 0, 0, 0, 0, 0, 0, 1, 0, 1, 0, 0, 0, 0, 1, 0, 0, 1, 0, 1, 0, 0, 0, 0, 0, 0, 0, 0, 0, 0, 0, 0, 0, 0, 0, 0, 1, 0, 0, 0, 0, 0, 0, 0, 0, 0, 0, 0, 1, 0, 0, 0, 0, 0, 0, 0], [0, 0, 0, 1, 0, 0, 0, 1, 0, 0, 0, 0, 1, 0, 0, 0, 0, 0, 0, 0, 1, 0, 0, 0, 1, 0, 0, 1, 0, 0, 0, 0, 0, 0, 0, 0, 0, 0, 0, 0, 0, 1, 0, 0, 1, 0, 1, 0, 0, 0, 0, 0, 0, 0, 0, 0, 0, 0], [0, 0, 0, 0, 0, 1, 1, 0, 0, 0, 0, 0, 0, 0, 0, 0, 0, 0, 0, 0, 0, 0, 0, 1, 0, 1, 0, 0, 0, 0, 1, 1, 1, 0, 0, 1, 0, 0, 0, 0, 0, 0, 1, 0, 0, 0, 0, 0, 0, 0, 0, 0, 0, 0, 0, 0, 0, 0], [0, 0, 0, 0, 1, 0, 0, 0, 0, 0, 1, 0, 0, 1, 0, 0, 0, 0, 0, 0, 0, 0, 0, 0, 0, 0, 0, 0, 0, 0, 0, 0, 0, 0, 0, 0, 0, 0, 0, 0, 1, 0, 0, 0, 0, 0, 0, 0, 0, 0, 0, 0, 0, 0, 0, 0, 1, 0], [0, 0, 0, 0, 0, 0, 0, 0, 1, 0, 0, 0, 0, 0, 0, 0, 0, 1, 0, 0, 0, 0, 1, 0, 0, 0, 0, 0, 1, 0, 0, 0, 0, 0, 0, 0, 1, 0, 0, 1, 0, 0, 0, 0, 0, 0, 0, 0, 0, 0, 0, 0, 0, 1, 0, 0, 0, 0]];
A = [[1, 1, 1, 1, 1, 1, 1], [1, 1, 1, 1, 1, 1, 1], [1, 1, 1, 1, 1, 1, 1], [1, 1, 1, 1, 1, 1, 1], [1, 1, 1, 1, 1, 1, 1], [1, 1, 1, 1, 1, 1, 1], [1, 1, 1, 1, 1, 1, 1], [1, 1, 1, 1, 1, 1, 1], [1, 1, 1, 1, 1, 1, 1], [1, 1, 1, 1, 1, 1, 1], [1, 1, 1, 1, 1, 1, 1], [1, 1, 1, 1, 1, 1, 1], [1, 1, 1, 1, 1, 1, 1], [1, 1, 1, 1, 1, 1, 1], [1, 1, 1, 1, 1, 1, 1], [1, 1, 1, 1, 1, 1, 1], [1, 1, 1, 1, 1, 1, 1], [1, 1, 1, 1, 1, 1, 1], [1, 1, 1, 1, 1, 1, 1], [1, 1, 1, 1, 1, 1, 1], [1, 1, 1, 1, 1, 1, 1], [1, 1, 1, 1, 1, 1, 1], [1, 1, 1, 1, 1, 1, 1], [1, 1, 1, 1, 1, 1, 1], [1, 1, 1, 1, 1, 1, 1], [1, 1, 1, 1, 1, 1, 1], [1, 1, 1, 1, 1, 1, 1], [1, 1, 1, 1, 1, 1, 1], [1, 1, 1, 1, 1, 1, 1], [1, 1, 1, 1, 1, 1, 1], [1, 1, 1, 1, 1, 1, 1], [1, 1, 1, 1, 1, 1, 1], [1, 1, 1, 1, 1, 1, 1], [1, 1, 1, 1, 1, 1, 1], [1, 1, 1, 1, 1, 1, 1], [1, 1, 1, 1, 1, 1, 1], [1, 1, 1, 1, 1, 1, 1], [1, 1, 1, 1, 1, 1, 1], [1, 1, 1, 1, 1, 1, 1], [1, 1, 1, 1, 1, 1, 1], [1, 1, 1, 1, 1, 1, 1], [1, 1, 1, 1, 1, 1, 1], [1, 1, 1, 1, 1, 1, 1], [1, 1, 1, 1, 1, 1, 1], [1, 1, 1, 1, 1, 1, 1], [1, 1, 1, 1, 1, 1, 1], [1, 1, 1, 1, 1, 1, 1], [1, 1, 1, 1, 1, 1, 1], [1, 1, 1, 1, 1, 1, 1], [1, 1, 1, 1, 1, 1, 1], [1, 1, 1, 1, 1, 1, 1], [1, 1, 1, 1, 1, 1, 1], [1, 1, 1, 1, 1, 1, 1], [1, 1, 1, 1, 1, 1, 1], [1, 1, 1, 1, 1, 1, 1], [1, 1, 1, 1, 1, 1, 1], [1, 1, 1, 1, 1, 1, 1], [1, 1, 1, 1, 1, 1, 1]];
T = [[1], [1], [1], [1], [1], [1], [1], [1], [1], [1], [1], [1], [1], [1], [1], [1], [1], [1], [1], [1], [1], [1], [1], [1], [1], [1], [1], [1], [1], [1], [1], [1], [1], [1], [1], [1], [1], [1], [1], [1], [1], [1], [1], [1], [1], [1], [1], [1], [1], [1], [1], [1], [1], [1], [1], [1], [1], [1]];
TCSTO = [[0]];
E = [[[]], [[]], [[]], [[]], [[]], [[]], [[]], [[]]];
Parametres_Log_Normale = [[5.027942294, 0.755577378, 158.656014309], [4.772675335, 0.241013904, 270.766830073], [5.60599348, 0.258220069, 107.915926732], [5.901634659, 0.138889182, 21.542147207], [5.077122818, 0.501279447, 155.810290903], [3.937464593, 0.988462186, 165.4695567], [4.532295964, 0.79347852, 299.047863853], [4.3085684, 1.102333508, 286.126123001], [5.825203726, 0.49928112, 67.916402639], [5.419976775, 0.285231216, 117.383891503], [5.49536448, 0.513292063, 189.796022591], [4.732411199, 0.588314143, 261.380952403], [5.021424242, 0.295171606, 221.662536731], [4.731688347, 0.26171898, 218.068886826], [4.963060868, 0.634768874, 257.078200357], [5.143052535, 0.686098747, 193.640585977], [5.285454525, 0.202672074, 133.703211225], [5.813232663, 0.257221679, 21.911777827], [5.482639706, 0.232656769, 156.356691122], [5.876849247, 0.479919964, 17.353048754], [5.44886701, 0.212193886, 64.98620044], [5.016288257, 0.14158524, 234.279774976], [5.181614001, 0.18522007, 185.505274478], [3.924066781, 0.857129631, 190.049876039], [5.276320831, 0.024490544, 212.284055699], [4.361071519, 1.064211246, 277.166250327], [5.844169932, 0.171487147, 10.390044005], [5.6557391, 0.292700688, 82.189823756], [5.802566871, 0.032867001, 145.878804293], [4.304079111, 0.890971916, 245.933759991], [4.923477474, 0.447259676, 269.303237061], [5.586152211, 0.463170756, 89.531985318], [5.282777262, 0.158970555, 61.413935419], [5.356323421, 0.283258739, 188.078893834], [4.281865315, 0.519015792, 193.316361448], [4.632475114, 0.839537059, 235.063389313], [5.742475838, 0.149095047, 2.269722066], [5.336414658, 0.514624328, 85.51403704], [4.856986981, 0.297765757, 266.752240522], [5.135576275, 0.598976302, 120.776522162], [5.591310028, 0.009271546, 15.431822279], [4.360817174, 0.506904183, 226.439221878], [4.717501664, 0.601848562, 234.981959855], [5.531304375, 0.572275075, 138.864974443], [5.329073759, 0.582031716, 73.448837544], [4.465106578, 0.671825147, 321.461660087], [4.918043163, 0.629330384, 163.033049166], [5.155907097, 0.232523666, 178.578983989], [5.760665294, 0.483480665, 108.424566892], [5.30643272, 0.673648819, 189.194854772], [5.124134856, 0.013327576, 125.968844425], [5.563671644, 0.390819406, 28.057114247], [4.918375399, 0.828725439, 193.960581747], [4.954278081, 0.672909584, 165.965786482], [5.418903446, 0.390443231, 78.465957694], [4.65650158, 0.044361967, 178.890938018], [5.431989234, 0.260376272, 46.999729596], [5.575768216, 0.051302002, 33.804103896]];
B=[[]];
D=[];
TS=[];
